Date,DJI,LSE,IBEX35,N225
2000Q1,4.0,5.8,None,4.9
2000Q2,4.0,5.5,None,4.7
2000Q3,3.9,5.3,None,4.7
2000Q4,3.9,5.2,None,4.8
2001Q1,4.3,5.1,None,4.8
2001Q2,4.5,5.0,None,5.0
2001Q3,5.0,5.1,None,5.3
2001Q4,5.7,5.2,None,5.4
2002Q1,5.7,5.2,11.55,5.3
2002Q2,5.8,5.2,11.15,5.5
2002Q3,5.7,5.3,11.49,5.4
2002Q4,6.0,5.1,11.61,5.4
2003Q1,5.9,5.2,11.99,5.4
2003Q2,6.3,4.9,11.28,5.4
2003Q3,6.1,5.0,11.3,5.2
2003Q4,5.7,4.9,11.37,4.9
2004Q1,5.8,4.8,11.5,4.8
2004Q2,5.6,4.8,11.09,4.7
2004Q3,5.4,4.7,10.74,4.6
2004Q4,5.4,4.7,10.53,4.5
2005Q1,5.2,4.7,10.17,4.5
2005Q2,5.0,4.8,9.32,4.3
2005Q3,5.0,4.7,8.41,4.2
2005Q4,4.9,5.1,8.71,4.4
2006Q1,4.7,5.2,9.03,4.1
2006Q2,4.6,5.5,8.44,4.2
2006Q3,4.5,5.5,8.08,4.1
2006Q4,4.4,5.5,8.26,4.0
2007Q1,4.4,5.5,8.42,4.0
2007Q2,4.6,5.4,7.93,3.7
2007Q3,4.7,5.3,8.01,3.9
2007Q4,5.0,5.2,8.57,3.7
2008Q1,5.1,5.2,9.6,3.8
2008Q2,5.6,5.4,10.36,4.0
2008Q3,6.1,5.9,11.23,4.0
2008Q4,7.3,6.4,13.79,4.4
2009Q1,8.7,7.1,17.24,4.8
2009Q2,9.5,7.8,17.77,5.2
2009Q3,9.8,7.8,17.75,5.4
2009Q4,9.9,7.8,18.66,5.2
2010Q1,9.9,8.0,19.84,5.1
2010Q2,9.4,7.9,19.89,5.2
2010Q3,9.5,7.8,19.59,5.1
2010Q4,9.3,7.9,20.11,4.9
2011Q1,9.0,7.8,21.08,4.7
2011Q2,9.1,7.9,20.64,4.7
2011Q3,9.0,8.3,21.28,4.2
2011Q4,8.5,8.4,22.56,4.5
2012Q1,8.2,8.2,24.19,4.5
2012Q2,8.2,8.0,24.4,4.3
2012Q3,7.8,7.9,24.79,4.2
2012Q4,7.9,7.8,25.77,4.3
2013Q1,7.5,7.8,26.94,4.1
2013Q2,7.5,7.7,26.06,3.9
2013Q3,7.2,7.6,25.65,3.9
2013Q4,6.7,7.2,25.73,3.7
2014Q1,6.7,6.8,25.93,3.6
2014Q2,6.1,6.3,24.47,3.7
2014Q3,5.9,6.0,23.67,3.5
2014Q4,5.6,5.7,23.7,3.4
2015Q1,5.4,5.5,23.78,3.4
2015Q2,5.3,5.6,22.37,3.4
2015Q3,5.0,5.3,21.18,3.4
2015Q4,5.0,5.1,20.9,3.3
2016Q1,5.0,5.1,21,3.2
2016Q2,4.9,4.9,20,3.1
2016Q3,4.9,4.8,18.91,3.0
2016Q4,4.7,4.8,18.63,3.1
